4 1000 0 10000 47.6915
1 1000 0 10000 74.9694
4 1000 0.5 10000 63.9411
1 1000 0.5 10000 97.3915
4 1000 1 10000 91.202
4 2000 0 10000 100.719
1 1000 1 10000 140.384
4 2000 0.5 10000 135.365
1 2000 0 10000 158.041
4 2000 1 10000 173.109
1 2000 0.5 10000 197.285
4 4000 0 10000 219.605
1 2000 1 10000 261.45
4 4000 0.5 10000 328.581
1 4000 0 10000 347.312
4 4000 1 10000 423.118
1 4000 0.5 10000 530.961
4 8000 0 10000 430.153
1 4000 1 10000 695.956
4 8000 0.5 10000 600.437
1 8000 0 10000 701.937
4 8000 1 10000 898.108
4 16000 0 10000 498.11
1 8000 0.5 10000 969.96
4 16000 0.5 10000 709.369
1 8000 1 10000 1500.77
4 16000 1 10000 1130.74
2 1000 0 10000 74.9876
2 1000 0.5 10000 98.1064
2 1000 1 10000 135.353
2 2000 0 10000 133.776
1 16000 0 10000 1029.62
2 2000 0.5 10000 164.511
2 2000 1 10000 224.988
2 4000 0 10000 284.426
2 4000 0.5 10000 465.23
1 16000 0.5 10000 1549.84
2 4000 1 10000 623.29
2 8000 0 10000 585.407
2 8000 0.5 10000 814.96
1 16000 1 10000 2260.51
2 8000 1 10000 1300.89
2 16000 0 10000 788.693
2 16000 0.5 10000 1158.09
2 16000 1 10000 1220.16
