1 1000 0 10000 50.6938
1 1000 0.5 10000 50.6072
1 1000 1 10000 50.6046
1 2000 0 10000 149.773
1 2000 0.5 10000 150.186
1 2000 1 10000 149.845
1 4000 0 10000 540.521
1 4000 0.5 10000 540.493
1 4000 1 10000 540.679
1 8000 0 10000 2099.98
1 8000 0.5 10000 2100.02
1 8000 1 10000 2100.2
1 16000 0 10000 8340.42
1 16000 0.5 10000 8346.9
1 16000 1 10000 8348.44
4 1000 0 10000 45.6692
4 1000 0.5 10000 45.8352
4 1000 1 10000 45.7405
4 2000 0 10000 145.797
4 2000 0.5 10000 145.643
4 2000 1 10000 145.533
4 4000 0 10000 536.092
4 4000 0.5 10000 535.487
4 1000 0 10000 46.0422
4 1000 0.5 10000 45.8184
4 1000 1 10000 45.4117
4 2000 0 10000 145.269
4 2000 0.5 10000 145.312
4 2000 1 10000 145.471
4 4000 0 10000 535.891
4 4000 0.5 10000 535.83
4 4000 1 10000 535.746
4 8000 0 10000 2094.91
4 8000 0.5 10000 2093.88
4 8000 1 10000 2094.21
4 16000 0 10000 8338.87
4 16000 0.5 10000 8336.45
4 16000 1 10000 8339.24